1.884689566273002 1.2256320739318862
1.8309878624108697 2.1487178045981756
1.8323664345229416 1.8612254267743804
1.8701080392206317 1.253110145503262
1.862865284656769 1.3841617071069428
1.8195226204316355 1.3977355346902025
1.936211681534524 2.2947179029062945
1.931172547296495 1.0672414883252375
1.8620850490416567 1.4633598225302749
1.9668507416335186 2.858674317599715
1.8934907495876678 1.3301985384410848
1.8396829341546705 1.5403125024159698
1.9882500659149636 2.4396589671731643
1.754814886293417 1.639144318139619
1.972920657528586 2.6561408101455877
1.2243181212372138 3.0687932783066696
1.7872990238567041 1.9909400462325775
1.9971825073347618 1.1859196036764357
1.5406803210544622 2.549702485900927
1.9224155845026054 0.9282809387387881
1.9034753430281262 1.6292126463693706
1.743689896766929 2.966118037875656
1.5177589992288252 2.682419391544606
1.835067965530503 2.7701023580725646
1.9320136262784824 0.5741076074247451
1.7568487756975735 1.6203070930083106
1.8804244507526606 2.7042822204046058
1.7065595383165713 2.167862216882553
1.7914899831322164 2.8506069029592784
1.815669674095101 1.5594705122303942
1.7173909302474961 3.019138456216224
1.9529022051866631 1.9018390465874149
1.8081485675592792 2.8561244536151733
1.7370521206404206 2.457293841846211
1.9164015248085957 1.8794548798978488
1.8711180155829745 1.1893470943082924
1.985086543432132 1.5674871860826807
1.8106519227916982 2.5142205522747627
1.9756020377062478 2.653518833550187
1.8090914423168225 2.4049641741256513
1.8311122579624874 1.2632451989394706
1.484032356440785 2.743894689437195
1.8055120512862868 1.4212782782512825
1.4656840052275428 2.8704897391370046
1.7679314239401136 2.245893491835995
1.6774956794106433 2.9314164140910406
1.3422147763229875 3.0677801216176444
1.9586819867383038 0.431740285645111
1.6226563547463093 2.5059342623026732
1.94041011753679 2.8195957864583385
1.9125868667603279 1.2790960371440145
1.8330487506970787 1.1865491304398876
1.6755640219928762 2.774461055461284
1.8754320447871655 2.8385144447936543
1.8317847078540839 1.3913233422586682
1.6416315591439967 2.3436908303513295
1.8743939169743173 1.2229265557251776
1.5169926822949 2.8571281343511163
1.917062128193309 1.4754032018424357
1.989365407078159 0.38288990555443453
1.3702675349018367 3.0623751125302854
1.731238647762239 2.8689376884339395
1.5154376326875176 3.024258860517521
1.7780243251397136 1.9875299565307953
1.8220846811256193 1.8844599810226579
1.9709187393594043 1.2855266961687395
1.9990470790062458 1.9603932562284256
1.565085823290726 2.8966502312446756
1.804513033252173 2.868873160625974
1.9708384958135807 1.4862982195910373
1.933824635586527 2.3465880328531625
1.5740160820895814 2.8477367902548947
1.970526740315922 1.2951933811291565
1.7610307174453532 1.6654914748010323
1.5213386269045963 3.0443532424145188
1.6034829622535898 2.9503593763514617
1.9009898622601669 2.2946331601866614
1.8821921254191587 2.1183285064800583
1.8577323256033527 2.199457951707405
1.8784332830447608 2.2849133248571483
1.5494028120078207 2.8408644335873205
1.498686720348724 2.829878669648036
1.452215523014035 2.8062864365976887
1.9832466114378358 3.004256854968981
1.8686812037457958 2.00498134820486
1.9838514908736824 1.6145414834360252
1.860877027856545 1.6918156970898892
1.8709629227326765 2.9430743711837843
1.8712929723238312 1.8899975547916978
1.8799888542562329 2.1739901857894504
1.729738337885826 1.8834168959291622
1.8319635827852765 1.5366944331871546
1.911922450256325 0.8450501252506465
1.9053675544196764 2.597093426284085
1.912212422623951 1.5220151451745112
1.553742980462136 2.576263871631024
1.689903709740569 2.509198637395989
1.9765688451257835 2.5037476254103535
1.957659292468243 2.905454334142995
1.767500439408729 2.3939383740534748
1.6803726301821338 2.474915686056643
1.6655402340483256 2.4977830824728446
1.3163237013338334 3.0779335335526974
1.8737817116549482 2.1686258446671887
1.8459620956669986 2.14681188524978
1.026498899343137 3.0286090919170734
1.7943166583600447 2.9920027468275268
1.9934459292326006 2.789038328481961
1.8726876045019702 0.9968922168866994
1.5793269344412026 2.5308474616631687
1.81580898656594 1.3823392671799564
1.9482679775814784 2.3108058269382443
1.7540137957786834 2.51672462417459
1.7674071439180132 2.601838577619151
1.8252252075417057 1.843067484087692
1.8866388633658344 1.8986096745413221
1.9344164925941616 2.769641999766609
1.9425439756436496 2.8453325434586545
1.823275681304965 2.348365513648691
1.6934859715575359 1.9674013304069367
1.8222480279223383 2.890954490949009
1.9911363890378677 0.4089812118886265
1.6798940234153872 2.552310573282015
1.7491218255578858 2.335874300879926
1.8840303282580715 1.74313927579359
1.860766549464941 2.7839425000530067
1.7848842266942204 1.958848124620534
1.4829783450029925 3.0253888875142643
1.6700554804993657 2.181698452795467
1.660592216637239 2.0779635463884225
1.950267808288427 2.410924116080951
1.923500362722014 1.2483334589515376
1.9480991189695296 0.6465021690362331
1.95416929516854 0.6492215313848652
1.749227384999179 1.9976337656724181
1.9220978377871543 1.2456495655453461
1.5243430688935042 2.807146036915784
1.6400653599917527 2.6145355078228616
1.8808664072580517 1.5839300250755295
1.9636431876501772 2.69200156307945
1.9471990071936691 2.4234745759555
1.786077891821671 2.233963581990964
1.6393658142663294 2.6224977843617876
1.6077110712185314 2.490133795566354
1.9829891377426176 2.1910382130401906
1.7214281499008866 1.8432211157888068
1.9043814461206994 2.0966664420629013
1.8313779546703695 1.1841215822860562
1.9799885480759774 2.0796147395460696
1.9402009454633609 1.5436935152085336
1.9209422016587832 2.7157383333643743
1.776239871652523 2.5104411529520125
1.9872748391261492 2.6387649005175775
1.791478003996753 2.761737883993747
1.594025904135565 2.987763319338837
1.572357684494973 2.876658387609628
1.9064525733186901 1.363380146776928
1.8322026082743674 1.2595267124655865
1.891102427089764 2.194812629487546
1.7441736868824762 2.7315029426158315
1.8085535238684616 1.742106567599889
1.7057298940801908 2.354628117105602
1.7916566456860408 1.6276569069895068
1.8662310420270196 1.1659101467162198
1.9483915309101398 1.3500494818259918
1.7190477313222337 3.005831010427815
1.9494114001634846 0.7577140552713414
1.8946268713657775 1.8071363320508445
1.654087578408559 2.8040426662115876
1.605532785642358 2.799918394608578
1.9954780979729665 2.6495184961844145
1.5092151781873704 3.013497896891765
1.7994519232445092 1.9809853328135045
1.9672097531661057 3.0294238660565456
1.7334254983230006 2.1439888651372727
1.563796273004455 2.7749204830683896
1.8856601615366126 2.2250939687567146
1.9563328392786083 0.3748274977115995
1.9101554945327401 2.982177954502725
1.5391422618001545 2.671266592326671
1.8210619249926903 1.691883450493906
1.8935429305637448 2.4940919017868004
1.6569875172189092 2.155102298867127
1.9918493210671322 0.8980298560899965
1.6255657733995292 3.0401909273750958
1.8142499490393647 2.82336999928058
1.5032268114713951 3.0363517358279783
1.8488792259615194 1.8650989839651895
1.9289687125220067 2.2786360586027112
1.8326007678359961 1.5307027396255786
1.8496040346814007 2.689109992216903
1.6123114596952717 2.992498480878759
1.4757777123422418 2.794244540468569
1.7775440777378004 2.9866044788609436
1.9202545317159792 2.5821680008040806
1.8613743326788195 1.1059322145218753
1.7498537229890685 1.8898450675095817
1.5974622074259508 2.507210602564275
1.5470565889197996 2.926655719817367
1.89563638283754 2.05069967180966
1.80973054896499 1.7182531804755994
1.8201224884417926 2.334587655717044
1.7566753911309974 2.217000823949461
1.8010811799193958 2.9768605952211775
1.860233502723313 1.214347511130092
1.7467933293745133 2.9009558544940117
1.9226556850133303 2.7294857547763423
1.8616315004788602 2.2623056782354563
1.9020533570889673 1.4864688758819962
1.8355641389795512 1.3526405529170777
1.7401838439264719 2.92832244322757
1.6596886239043573 2.394170382714257
1.7346373729373048 2.5987892923358586
1.5651197360694515 2.4332187552593108
1.7711411501816192 2.893819926667104
1.8692875055246374 1.5107776425215753
1.903648321301922 2.471013580648359
1.579417437215811 3.0142947251935204
1.5912056959216896 2.910447414255544
1.8860925406917914 2.215428159594116
1.735572355984501 2.2859942815052476
1.9392674333276538 1.7884646205377328
1.8475215379374672 1.5140355628376008
1.9572815789891078 1.1801708930091601
1.92791779252317 1.6196632348149371
1.7039809505088477 2.1006407158178515
1.6521434528552668 2.686480294073428
1.8564202394915423 2.4799828849397696
1.9658579074017557 1.3554520391958644
1.9628967307156293 0.9705582230065752
1.8504796493293578 1.124448528708659
1.9915164123614653 0.07739549538107822
1.8463405051087396 2.835847478701518
1.8938875581557921 2.475781425754002
1.4407887317054529 3.0543717887490933
1.661762498882044 3.0648817393517733
1.8997387748845358 0.7432510768303069
1.9098334944228104 1.9253010710252247
1.849199233382651 1.8536124252993675
1.8221811822828433 1.3231250661251188
1.96496277796239 1.9572481903694283
1.7285085435281886 2.7786563341495207
1.7559908361585719 2.7801494043629247
1.9981446861675858 2.895391247539933
1.6065263634539346 2.6572121015348373
1.7923578533916267 1.807562652152808
