1.0136254615390898 0.1657538174008877
1.3904314034702037 0.3300166100668275
1.5700671802565114 0.3797248405201626
1.3936501422107872 0.2369026166992243
1.2523771195140783 2.6095662044509584
1.636238917748357 1.8317687654458212
1.274978253251932 1.9643260742298438
1.0716081833835487 2.090924130391065
1.8071870131020538 0.20790187416190195
1.50462531083231 0.9769186569867114
1.4563515317888536 0.05632836020519007
1.5023049715292889 1.5825771727147855
1.057000308697081 2.905227715706905
1.0782047572160944 0.3057203790798664
1.2011173014379128 0.607251405328146
1.2231564501668055 2.3729481483582973
1.1634304117780467 1.8524959234000635
1.5271849862349778 1.5753244099267363
1.4696034839980991 0.05925696735921837
1.5343550342825325 0.9118135225393693
1.77180775262544 0.07147289159267266
1.1801939205940286 1.5652778991701364
1.3775182207030021 1.3575608138283202
1.6993954451805733 1.520340763738444
1.526484504437966 1.5900956699722326
1.1605314933557964 0.9748146070703949
1.3129502292254784 2.9653324541313077
1.3025863399462942 2.082568825080935
1.4999628348884588 2.1144582280855544
1.0581416359101377 1.5923642281802477
1.3751250548450238 2.8146386548218665
1.0819063893529655 0.6989451796556437
1.4885889693328576 1.952391158112607
1.458777396728359 0.9440683867308597
1.245680343342488 1.937920887551793
1.3036549493448248 1.7413555309209494
1.101432772167938 2.718532421654767
1.879251096686353 0.23387564928851537
1.7780265135156257 0.2834275111010798
1.471908231581967 0.8519182217727005
1.0158357515914256 1.0117693921665762
1.1758380742774392 1.616872080200259
1.639077119855918 0.005461554462206381
1.011107479447717 0.7611895285918853
1.4135824149112888 0.5501484799335619
1.0874414335011835 1.4021186701597528
1.0306663691240932 1.572062056436047
1.0366265582819263 0.7613042039946156
1.659986870153284 0.8709706818036724
1.7630111526974914 0.12607450086688357
1.308707597662122 0.8346405418987086
1.4071109752341435 0.8360601241144932
1.491177924272023 0.38506181494919206
1.1190149815262176 0.6312945077919897
1.6244738353002321 2.010516975988462
1.3863547342979379 2.8675379813498005
1.825445347558847 0.2892606907385422
1.2211118142199697 1.393675016927014
1.3376697823479704 0.08538556490055678
1.7508179081283626 0.7798131722268454
1.6914594144365966 0.34775264169480424
1.5930141180435158 1.5389820013498021
1.8180275655320677 0.27377040440550227
1.2005933971133464 0.6223967939569346
1.4073138170312873 2.350988865892691
1.1014383008701538 1.1459589492569864
1.4437611663571532 0.922139482677336
1.6588835939213489 0.3261811774710579
1.6687080780205656 1.5983869940847297
1.0222779507872142 0.02888290526366507
1.3064662483903997 0.07905906817968618
1.5358316132991838 1.8101450291723817
1.0588322090955724 2.1026405059849083
1.007584150689241 0.8490132996734996
1.8772595185278407 0.8814870882672821
1.8831336622548651 0.6191598071422899
1.0387138770819684 1.9154131668775511
1.5980272226302688 0.9137744865107513
1.2179495096074577 1.9467356130077802
1.3033654639714207 0.44223348359425046
1.2097644221508808 2.798543916224733
1.0471419345096562 1.8391674164132306
1.5104204289709289 2.357339685372553
1.1120342759841448 1.9449557458285753
1.4195166891589248 2.777617577080906
1.3977065749552433 0.42330149613002926
1.642183583800371 0.3584559266002557
1.2700350213575007 2.7435812500722756
1.2504059859721606 2.803454020231239
1.2752344956076347 2.5447276604646993
1.313175733224241 1.4072993748959595
1.4439327667783173 1.3625355387349227
1.5965840834419378 2.0151178407385
1.6863685205093923 0.166703452974575
1.521611133670004 1.1555125412097504
1.4464916786614732 1.5512829886673296
1.174936758495535 2.0463172768821742
1.7392116709664038 0.17619535189244187
1.3938914208260837 0.7325537349408711
1.0960836807472527 1.1536362289800535
1.0867264707789184 0.6261440724334437
1.675487186081241 0.6710104376775584
1.6296982060159357 1.299112382098304
1.19236608679235 2.5486699023567745
1.213596700413635 1.5831223945907815
1.1323377959167389 0.9101815208497629
1.6097305459523237 0.13463729182756842
1.848005405633486 0.8477412720359154
1.1202266820928963 2.797128559720868
1.135537369212444 2.118793738435194
1.6550337973772473 1.1588490839577827
1.0319398840905818 2.145241986352851
1.1734971473900653 2.2970371632649544
1.0353650610465701 1.970073321765754
1.3041377312743305 2.2242447008906234
1.4026744585190225 1.7770242471276658
1.6112005709100492 1.0714566333281843
1.329973942832586 2.2189906560394155
1.3615781080848053 0.8646710331221261
1.1862175472185146 0.32768707440468076
1.3367837384087569 1.590107984365567
1.2160644880208198 2.3896655056274763
1.0503172687494828 2.1180412895731844
1.3109476887380702 2.6677016819751644
1.1432262124246706 0.7268440707394697
1.808622920261862 0.8611083089724377
1.563641659239589 1.5524398284335725
1.3229845940416376 2.4635089806605994
1.2582098422965116 2.7257874901844286
1.5276863771513822 1.1991632311287608
1.5059673743697102 0.33303310810546166
1.154204255105404 2.5342234180473673
1.7173738346570584 0.46197125845128517
1.1742880456582943 0.7974508106668554
1.4764697299116945 1.7619942961275434
1.3685320899206177 1.4641892103128893
1.6192344125177711 0.38589801900723475
1.2276339128778597 2.9566374731772034
1.424144803967972 0.5393215012289897
1.1572628894825692 1.305374936504163
1.1493804754975239 1.1904462121885613
1.3660593340991745 0.8092305553204966
1.0190000262090346 0.4917396848447596
1.369446823327264 2.261666480384291
1.6497355272400736 0.8665489980409721
1.5217913434587622 0.8990917314469025
1.308347430825949 0.9197206120993295
1.2146884053254736 2.078183348032606
1.5655067322475769 1.1491254022884823
1.1903411220812163 1.2137311142530507
1.1447777421788523 1.5549714041934146
1.1377499980582724 2.239877931603321
1.2860820347331803 1.3210624140214362
1.14471608283734 0.4211631032028028
1.1282497851756923 0.9703060937016044
1.5188233886023048 0.8565425721240778
1.2237346947012753 1.10740411995163
1.1582326609801679 2.4506696452800876
1.1319676353694428 0.5285487281581859
1.610324325509393 1.6574078748068581
1.4279062718937778 0.6065847513896144
1.1550961642971287 3.061590555527071
1.184005067617861 0.03820018208579671
1.1401917267016826 1.3323846952485476
1.1220724259504333 1.3168568093885813
1.2310214279594007 1.1324915905583242
1.2780602510925405 1.4426570909252194
1.4260576878643454 2.5307062546248185
1.2446971630661086 0.14294412932531625
1.885936967305803 0.44561951180396303
1.0199961884539315 0.5115475587473578
1.5735119471674186 1.9553788360836328
1.8192211299388648 0.5885106108693644
1.5181483815963643 0.6938803439907478
1.7974570855778853 0.041664373414740684
1.193155268989377 1.3552233296075178
1.0167419880792037 0.3585788465470452
1.2497088129548224 2.5460167345942137
1.3298493895514558 2.2690358905441204
1.0379991932647905 2.593171223570089
1.4116051085165644 0.036504229182129914
1.1565108986589494 1.1446492856374861
1.7644877448081446 0.4217077523975279
1.0558062879192285 0.785244483437373
1.3675991359302468 2.5475118142299613
1.3403330368384547 2.2896428132853677
1.5079427027759487 2.5145001652013965
1.356670281545246 2.7586685510829017
1.2607256330446792 1.2470606339647667
1.3905150717802484 1.3976141670185933
1.5517153704016589 0.6090025774156029
1.0347803359562273 0.6753553924020843
1.4335150251224655 2.448886816240706
1.3834128874894769 0.5166501458977508
1.670306947283943 1.538786864250447
1.2506353488821578 0.38941562761466825
1.3993879161784804 2.208288578148994
1.065709279381698 2.01964242078919
1.866470076034222 0.26659533925173856
1.65188526964254 1.5710892761318858
1.8387634796832661 0.6552514639055151
1.2726732341989244 0.8990269575603272
1.015490924850976 2.0106327551523853
1.303103637236676 1.9265654260569722
1.1875029754451054 0.2201103213320402
1.035871457179414 2.2847845887375087
1.083738886165532 1.4889906278511085
1.3625098965638403 1.0906962449473552
1.0553395986777105 0.6720648874043268
1.5456837278115465 2.0644790214824855
1.7747824457169215 0.7970981746907563
1.6925342618323351 1.0887022348516924
1.1194925505483375 2.4259959195522027
1.8289770500024978 0.24688333216721164
1.198313691832145 1.1640066610533688
1.3989084090234976 1.3655309290657902
1.2273704882279541 2.568165944094644
1.2503106563115058 1.6499703446959102
1.31343900392337 1.2394942779478453
1.3101030103343771 0.34964080843299955
1.383493214379651 0.7917048691140823
1.4534497733885257 2.0170026481045715
1.3723992806918828 2.1010052033515483
1.0842323492063461 1.188909013689952
1.1541068360028568 2.475483346577889
1.470678714990962 1.9992157740564755
1.1558999064171374 2.11706584102957
1.8650932727491942 0.812261732193034
1.6020258162101984 1.0970922681219801
1.4802781040612332 1.4890229072746242
1.108908438864967 0.06436255044497181
1.5351957059217223 1.2045326964978313
1.6505378360064356 0.7016476437353478
1.3445253146962852 2.227557461717586
1.1662920259826595 2.725642081896186
1.0368980321054586 0.16422252381506688
1.3791408793762137 1.7027745904097016
1.0940381994202748 2.7564601998712686
1.2736393970147617 0.5719960892069185
1.213380885656488 1.0649408718739473
1.5722271386008293 0.8639497499774803
1.3235339517790186 2.9503753661464045
1.4772347200578804 1.1081729829604514
1.8032537227528016 0.9839682681689994
1.0405175747345052 0.23478863241495224
1.4682514539727594 1.261162069609387
1.4423852964666075 1.1914140952071355
1.5464082112127187 2.1822182587060146
1.0690605090202814 0.5146865935053901
1.0638409635886827 0.8839463762989678
1.179637240153693 0.42156033640198537
1.125478267878967 0.13362714645133691
1.5129353222704514 2.0016568852720478
1.4394458757222708 1.6737352493560518
1.5226028835745185 1.557505549044807
1.7121492089941523 0.6837568623821519
1.1656514587443 0.8321992571875848
1.6366379136196034 0.194364946271763
1.2612231056008854 2.521197650848126
1.087832248632528 0.2934179939851539
1.2218245341476615 1.9187405963223996
1.8593600792702696 0.20645284301086816
1.6477635374073234 1.5225668857448849
1.4686977902337306 2.237198114200169
1.3185290036601336 0.9194046101292732
1.3958156861473205 1.536449412484929
1.5029888796230544 0.9894115147260877
1.1477367103739629 0.6871156274115964
1.2747163420290994 0.9233652568735244
1.0353549963508402 2.705964703089267
1.7659508958175962 0.7252589389677634
1.246786399824091 1.6131691310708367
1.4519643232119552 2.257122526436465
1.0246317398472904 2.2152010228329786
1.5261680206788668 1.522015997523611
1.7378499905113063 0.3724670062537869
1.0992274536195095 1.8898491751353468
1.1898062372754192 2.9355275381256183
1.1103141617070724 0.8323105662599379
1.196569756957209 1.6154350113321079
1.2757525176985054 2.3662304445713227
1.9455889290300878 0.06828949926909172
1.242880584008484 0.9768875759459806
1.505975845380175 2.58765497094589
1.5677858267668126 1.4211389781810502
1.047239971743411 2.5321881238473436
1.6507769521518507 0.38998527677674094
1.7860926608010186 1.3726035433966062
1.500560421317266 1.2004600587582046
1.2805926706250603 2.0972589645774984
1.668822912286129 1.5759036865923879
1.3257701770357193 0.13016609678308327
1.069517539684647 1.2316755457927626
1.1352528344263262 0.631651727148268
1.2025539126395088 0.7057548588358606
1.91077030964157 0.25531676928808617
1.544744499100473 2.3006506808770664
1.112185968109169 3.0472155995201544
1.3324663785232815 0.8550757319314407
1.5943837441491562 0.5832973868174104
1.5624949103393866 0.9856632272669587
1.27151003265126 1.2252171317918894
1.5965931981436854 1.161236334402795
1.6495305318029345 0.9070038808543381
1.2154235767198736 2.214909144063761
1.0569572109906982 1.1792586456974687
1.6772728775045584 1.8045252428436878
1.1348001599475515 0.5162686446025722
1.0419175946407047 2.998306443282471
1.6111385233833362 1.0122006636509158
1.4341770854502989 0.3282283602505308
1.155716812939656 1.8332032187074854
1.2794722500041593 1.4697296117564336
1.0239786637247894 0.6359402173555071
1.5301970449031754 2.2190800232622365
1.5190800417721875 0.5297942837054069
1.5283666958786852 0.9694166669462762
1.1045744302353682 2.4261785411386225
1.2576597773210225 0.1293271167354978
1.5202536109883547 0.15702616644276482
1.5159206472304343 2.053375419646646
1.7329002609886799 1.126992184079539
1.6459332702792528 0.29238404905340204
1.5062138321494776 0.7635024893502477
1.289229916263512 2.274380802470009
1.7560832655333827 0.06245538884290813
1.0236200897497354 0.2045729985779057
1.9214266586285138 0.15809549840475778
1.7720628125188156 0.16338632861936692
1.0529800127012003 0.12199186659980558
1.1471063570156301 0.5900634015359857
1.7483053165548248 0.22549999651137406
1.1218680666128416 3.0314664132033964
1.4484854469745427 1.4772393829208774
1.5742051937853205 0.7754194362087636
1.3098605806584827 2.7659874524273125
1.4558745654322742 1.1314042351964149
1.427524789101207 2.159863765753803
1.2658100330620705 1.8664284622499878
1.49303981484061 1.1362759886500216
1.1542240124539134 1.7231720414244387
1.5942370674456998 0.27567945772480956
1.1827587816474674 2.0933253302025236
1.279772031497217 2.8048658908092006
1.5187046435257685 0.6527670394978792
1.7886575338869464 1.369140756378585
1.1126006313305274 3.064158056813088
1.0051850753263305 3.002879990554052
1.9536552954367408 0.2378906239320088
1.5037180330529103 2.258658080799637
1.604776306584524 0.23642363547407258
1.223187735180046 0.8615263118317915
1.6597621829171865 0.8800930695177716
1.4157978919600138 1.5044893219507882
1.0134222700080038 0.700223221476856
1.7002706332518014 1.4231453434249626
1.5236932396552656 1.2721668617686224
1.042791112859149 1.2394741134397702
1.2234254114050036 1.8095745140207864
1.116872720157073 1.185951169339233
1.3899056666848235 1.783627695000059
1.0898655086685736 0.8543231022692203
1.7607316617641038 1.128624616269644
1.1827367670701132 0.07836524172478362
1.3154355790380694 0.06334746150140516
1.0985624205954139 2.9641781284694475
1.6749034101948697 1.9213512164382518
1.429206114018757 0.2688672487624475
1.1223010551288173 0.7073922404812623
1.5239473960394005 1.0769163717162547
1.10564670271636 2.3250576603982647
1.0643695620680242 1.6006007154699116
1.855647790332856 0.6745468848043564
1.101975960971126 2.8504000868066455
1.7249405835318092 0.6477200357169548
1.3193234437697612 0.49069167159762467
1.2642606875904447 0.441294683479239
1.4424670842099578 2.7295240555336777
1.3488038605030885 1.126756738916934
1.0718523270481046 2.684977472101768
1.1026169883573798 1.4561371075722196
1.3629242989366244 1.519120612214196
1.869118362093574 0.8323879903362321
1.602605970037107 1.5940565007863643
1.0934363965194067 0.6524213273634867
1.612235675557626 1.7339638182935044
1.1331825734343566 2.432162863893541
1.144352231285711 1.6183519586885133
1.5630744787133228 2.323309875098649
1.24137908685252 2.1246533469793656
1.2614001569944837 2.6324500425629895
1.173505518244261 3.0057753710375357
1.4205383225094845 0.07033277851499337
1.2819565984865502 0.8226590072174419
1.628910241470455 1.360855994056955
1.048942840509461 1.8734051253390733
1.8250895796627384 0.25454996741818264
1.3905068784805663 0.7649040001775554
1.5317510994588606 1.888037543478451
1.2761607170092937 2.1333717842315556
1.133170875624683 0.9719635051343704
1.3377385890844518 2.819463742693609
1.5166031582401187 2.3984929784126465
1.1722920119416216 2.9701124693189285
1.2564541536558096 1.4266300374783103
1.7421068013560197 0.8632054512523243
1.116480087091968 2.451628313264896
1.9578776573776828 0.15580749242347422
1.62396163493039 1.9672316766329985
1.473511969020962 2.6084770942810827
1.3477917189784747 1.0701570476903002
1.214844913823372 1.8362420822957841
1.4475508758642208 0.7721998322212077
1.1806047685196712 1.491359871555772
1.1026422824673854 1.4890514182697492
1.2227964534230484 0.8070523651861062
1.2888092108025244 1.5236015008290629
1.6598120744815938 1.3906395009669643
1.2916315820053992 2.722785891561452
1.3938671322974274 2.0798629934236543
1.2141382684073827 1.506285409722532
1.7924394013471483 1.0790504386573898
1.5808754877924995 0.849459320453514
1.212206085968436 1.3861793098327582
1.179534447311474 3.043229273154343
1.9801418560931014 0.021645155775042963
1.1200375356775703 2.3321303543817447
1.483962545859463 2.4876698575343474
1.5141060450380772 0.7677664545321493
1.1211842798389036 2.223920698918185
1.0357362136731263 0.5691424848133244
1.0678611331624055 1.2195183703277213
1.1314295776757177 2.6614177952249274
1.2006070950089636 1.1304603455575237
1.2919555428461744 0.9328173985921475
1.5690405977708894 2.1472590951026262
1.8617042933756158 0.792272369376472
1.6071062314292925 0.10268562856143246
1.2364064809867799 2.494879652622976
1.6823945519603596 1.2712832940958032
1.5848623667245252 1.8275060587488299
1.4074245020521174 1.6006658881582856
1.0527838530082518 2.198682047114715
1.4397268139438584 1.8298941174728909
1.6666341780830831 0.5380694948125457
1.3644983428740054 2.559015447440365
1.1757425664884416 2.6834749217746485
1.5770623826620043 2.2083169881612705
1.3202669636772368 2.935238231609261
1.1708376189247276 2.476299639304073
1.1994764827986177 1.1968707230967792
1.4063636771161394 2.448314346999927
1.5119067697631974 2.3122211571306432
1.3969425110188012 0.018305988327382568
1.0640310440450387 0.7257356872151917
1.2938159335345403 1.6465843560776712
1.8203477888758415 0.8094463243505355
1.234111617933349 2.7946307471023792
1.2496385304093387 2.7571472743417242
1.263731613800775 0.6817093157655058
1.4734821069609039 2.2667800480936005
1.534770201035001 0.09220154869801364
1.0460914066925595 2.4236466798019483
1.305196688895736 0.20902620026832647
1.5939080222225317 1.1617221597720915
1.454017158787042 2.548217975517771
1.4157454054379337 2.6016075368531655
1.023916023680551 2.5590611537125425
1.8281182469988284 0.4829964036166714
1.6781836496148812 1.6764272422418849
1.283361872487049 1.1579844668474695
1.5110593851420413 1.2774496552737165
1.1947264378676126 0.4172273431759603
1.417261466016953 1.478371114508782
1.877506859485346 0.4222526288582342
1.3996824254477902 0.7269343664973299
1.1526937103232897 1.7033046747322718
1.1615175823603217 1.3931463225505856
1.7672633840824528 0.45635025458799305
1.2674437780573506 1.9422274363062475
1.2326218197981675 1.962945659281075
1.0327298620642054 1.0467459851646226
1.3826255622694301 0.17247130957347248
1.3275553979825445 1.6296609451461348
1.2748761424554402 1.9080788753494933
1.7258898851418913 0.9737575539820761
1.073031353011397 2.17114919408501
1.3670848594214668 2.321263719434887
1.7211281231471998 0.22838902538505315
1.6319089705325838 1.357572497901784
1.208853899349788 1.3079914237691599
1.3382339752806767 1.946301776406453
1.4210677946860915 1.6441429534751615
1.5150883035537621 2.2178140990957167
1.2866499441792882 2.2726335959207606
1.2739765077150942 0.7591914524958505
1.7267032470128711 0.2784154280938446
1.2970334811725626 0.6910178524523815
1.1584759375405067 0.4052051612342111
1.2305161352913219 2.7956985300825816
1.2040529638920985 2.47021575558571
1.0278921756526116 2.9622372031271387
1.5441553123922194 0.3246733946185144
1.4549879346149512 1.3911737665163368
1.785597274201421 0.022392948763317752
1.1460120931223252 0.45462196343061045
1.7527511621269583 1.0162597785550074
1.0524853681819972 1.9308368102755649
1.480289483769905 2.0537944716139838
1.0577584576286505 3.0161208506411463
1.1838132840292075 1.2152234241753292
1.6716120820170521 0.4982076343539224
1.322891658655454 1.8145213489059322
1.2980012858646501 0.3683875863884398
1.325131680259276 1.6832309525765905
1.5680014245132872 2.3811633326412163
1.853786933942542 0.5536381289794806
1.398892241358547 2.424892801853722
1.477751596190525 1.1650691688067576
1.570475603617557 1.0807018739523402
1.300419407270434 1.6094692519716702
1.8955041597558049 0.6576701399780456
1.2430728619959726 0.5955164745256819
1.0864646606661177 2.7751883519131644
1.1970170583257134 0.8470396353111118
1.2081763272210562 2.133783213520775
1.532286764451849 1.0700690921566958
1.4745419949550291 2.0025421585331755
1.4072421493018354 1.3736117448226683
1.0312625245469573 0.7344664359634077
1.206476769273579 2.3835310374727188
1.2203936435265348 0.1798111098247887
1.341687301749669 2.1797844799289705
1.338631310059008 0.699163024355683
1.610085171245613 0.5875643561050009
1.6030256590693133 2.220179982719818
1.437943344788418 2.2535760661737205
1.4876673587040412 0.15065988777760198
1.6008253629327238 1.7766613789150854
1.102300468153529 1.8432017238270684
1.6915787710810195 0.5113041315723202
1.5645874207195385 0.901560587348397
1.5325771368884418 2.172228119421912
1.8179203998246185 0.9637692964056277
1.8809491565279877 0.4130337130633131
1.5341599524410294 0.6246712817164563
1.3734977873332928 2.0458162897377954
1.6875272269900514 1.717911962795325
1.8939316543883344 0.3629427147494313
1.4763168112761265 2.564009105238866
1.5121962469881431 1.7323873433764967
1.7966633662275948 0.7915104110208299
1.2417855665770263 0.19787867166239126
1.2479940488668435 2.782655743988974
1.07534625375546 2.009086447193712
1.4752279483311694 1.6161327816637352
1.111854224938581 1.8615577383603574
1.507328856456588 0.10227628282884281
1.0912257322580168 1.1307338328664225
1.2211954295438812 2.3442570152833904
1.4058672250610313 0.6610435830359461
1.7298836336277268 0.06396529008296704
1.3419603542113774 2.1530643905771254
1.489283578626889 1.87216807772687
1.0224071376906643 0.09608104390222756
1.8084927873384036 0.29438129149474773
1.444097344552446 2.0994452190086013
1.5340878018711241 0.7505786136953388
1.666141824741889 1.8376564140086373
1.7481774883209868 1.543156561228346
1.8753811970057948 0.02383696635080458
1.1749002516064613 2.1669630590969127
1.4822243924720149 1.3607405937104582
1.7273537244525707 0.3080283069392677
1.2361904305360638 2.658200668167611
1.1610653797894122 2.2245939403115553
1.254330697705656 1.3916344984659539
1.540848674261988 1.656780835173613
1.104627991434575 1.65896639507033
1.0066851815467477 1.4600766386627178
1.1392604523048817 1.463237105356909
1.7202273876224647 1.3945490298353171
1.863309281152437 0.10194713074461079
1.3649130638356306 0.4975994535531343
1.5375037588206812 1.4941664572098006
1.1935094873626224 1.8702239783236105
1.4403083822149485 1.5692691803322523
1.7667155612116543 0.769572471258527
1.4714929628927516 2.1456999681276328
1.2708118838750795 2.369282285996047
1.1196980339562468 0.9290738988569284
1.2580504859654784 1.8880551155662113
1.6815516051559598 1.2074926391833263
1.4359996966207111 0.5896020572984748
1.3139093755549354 2.1803368629296105
1.3569427745868938 2.3427041663857464
1.0430545949556507 0.12566831954161012
1.3020727151121214 2.7731458722397804
1.355357740047458 1.3928169264375072
1.3694603042136864 2.153370393943475
1.762129440525406 0.8229843697887597
1.0381417604653866 1.130799833507226
1.672281342367807 1.0733107619755293
1.5854191973846397 1.3820907448961315
1.5932625393180282 0.051817915645531176
1.0835132414161128 0.45786258943951175
1.0179913380774486 1.8532162454336316
1.0784773439366437 0.8769642645981799
1.7546682033468517 1.4398536011867313
1.4706721245408345 0.6968943601592733
1.0005132679681905 1.144351331691447
1.0946375519881975 1.9262048654410269
1.1547143660160823 2.2198997439588957
1.021521772975178 0.08527990329941602
1.517207088826328 2.104227712245497
1.016394770156332 0.599360979187245
1.1001034559197542 2.3130111967457583
1.5135030031146708 1.9922540445775698
1.2789000515561346 1.9078633214065503
1.4684539138012753 1.0435015452905605
1.5976473451447273 0.13166442995882977
1.9135219951917426 0.36226444463044305
1.3297765736560105 0.9965756391917174
1.3879245771080315 2.3186642826134283
1.6856209813349166 1.4949399512259698
1.1277578977164828 1.4645961056170087
1.3764440743085915 1.9528237824777845
1.8117426998880233 0.35112541701104283
1.1959228446484234 2.810924786876011
1.731659369032676 0.4244708206502579
1.0313368613435854 1.405597741693183
1.3178657597877064 0.7602293356299974
1.2591505041040643 1.9823666056135019
1.2844252001427399 2.935923672185713
1.7652036238443347 1.4213624418667856
1.195948661573214 0.9277964311834478
1.1728112668182618 2.1683069740465624
1.1148503350138423 0.17713484104159968
1.5443199501874165 1.4443841262284203
1.1980030344059447 2.881801490503452
1.793069036327757 0.46422526871373343
1.8799454531006232 0.39033188337217506
1.7361513739680703 0.17130584461727133
1.1107342235996152 1.6132481912923151
1.9169035520446331 0.42450245346896465
1.0054701419221082 2.641494889622356
1.5861338448301867 1.2419758807135304
1.462300774062801 2.21598797891399
1.3301104359252962 0.5515070420029404
1.215009610676299 2.4309566856065694
1.0176891779417594 1.6253891891352317
1.3214574433761022 1.5284686662055222
1.5721303479891584 1.3216081695548516
1.6818304037073868 0.030815695790992966
1.4674039305430062 0.1267060876377931
1.050967014756626 2.3999463629223667
1.1284755635553152 0.46117615916059224
1.5719111175777019 0.42831077929012906
1.1570329905191417 1.2857645557063282
1.8026450123991822 0.7405942753897622
1.1605501412734875 2.735965448005831
1.680982037715768 0.9809881766139368
1.2080049033766636 2.2202457392516566
1.8508272373766053 0.6933902712490544
1.6007448306307723 0.3170435380070096
1.1865575203265681 0.49523718896445856
1.7609247594337067 0.5071511568620225
1.4171030020880027 0.9660508708365336
1.5613224412502449 1.2246524525871243
1.7694191270128332 0.41148613673074874
1.3400552032001964 1.0453721652757146
1.3299834769726075 2.185160238938596
1.4894725920901815 0.5123093604728769
1.245612978026064 2.833598210974162
1.242263711747228 1.9829276335848522
1.3369384997373492 0.43422166251377914
1.469962507676276 1.2273704318951462
1.4522893465290103 1.0491544837828661
1.3606258187028402 2.5894525358720855
1.0982910814251814 0.9011251779598405
1.4133395565007287 1.6574253214927177
1.8509199240195895 1.0400520634922246
1.1519583601192167 2.0790105858540397
1.7540766884468026 0.9038939536144855
1.3475246391153568 0.45579422123513075
1.4543406339976634 1.5659939492991828
1.4698943245248866 1.9572927038702508
1.4850024787811873 1.9436701494772082
1.0259563745145135 1.9023729068505395
1.800775190459639 0.3175370100382738
1.4441780248460727 0.07369171105730986
1.2488275481632276 2.45603514183996
1.644816101975596 1.642543328638286
1.1972423410163469 1.689447363823353
1.6027896611573094 0.9820747539837799
1.3158194403860874 2.088528353111752
1.2736059747340094 1.0055609586801162
1.5349582684946304 0.9895507780706579
1.3611188242011014 2.2767453623605447
1.860090172722589 0.28032505614305275
1.2837483511237666 1.223298120672683
1.5974538160064178 2.1906734669653223
1.1185904763369923 0.837634155304244
1.601274596113769 0.7328676281056385
1.5643901571080274 1.3682864360063252
1.625049083831086 1.6407118346979588
1.5354119644482966 1.165367303614276
1.2424648473498594 1.713743793961557
1.3593501717643002 2.142331750927111
1.582023770678381 0.04085175234363572
1.3777858630207316 1.6238611007749062
1.2182101137659243 1.7768847669254217
1.7360392090602967 0.9124809047197284
1.2586012439605625 1.651981751773687
1.7756474321951647 0.7713434913652469
1.5302999489674283 1.1490936374043212
1.2643708985836026 2.6522067029599006
1.0817881998885084 0.9119203251643726
1.1185483829414133 1.5214958823581828
1.6673516594399795 0.5168028796638081
1.3346621823179001 0.24651941943171177
1.199063179328967 1.4443507586636672
1.201968223743266 2.304152722300842
1.077988900691734 0.6288606151859367
1.341002341112021 1.4363643556865127
1.0882170574393424 1.378023391178715
1.6479243715571292 0.04996232387797039
1.0115416630650298 1.3865806799924256
1.517044700208064 0.12268089809785092
1.2389631056516652 1.813507418310189
1.5011819966769115 2.5915184541837637
1.1135541185699007 0.20076558533545655
1.2597902857988825 0.9901503698387552
1.1531101272607285 1.4853593803249292
1.3687476579628646 1.7286393486300857
1.4593431600850235 1.7073560106331573
1.4483339682920944 0.9157191001866269
1.4154868137721106 0.005486521164893205
1.2792045565952024 0.728124417741169
1.982247284104059 0.01262321452031189
1.4224203627259335 2.4040045578840132
1.1495000095045171 0.5296212811141913
1.254960510121294 1.063008647622181
1.4379853487408754 0.6390875908542838
1.4705743486287224 0.4058740139137
1.9658981812273648 0.11397264527584622
1.2035200795003032 1.9410916089156616
1.5554449170744933 1.0830352292370493
1.4468798100243854 0.257528825653636
1.9353836160767484 0.292208785853765
1.6365151789592205 1.3171860319542874
1.272861175105243 0.6750082905844523
1.8002829221267427 1.2458641660067615
1.5497255115385342 0.06320163201908394
